   -0.082   0.630   1.423  -0.736   0.049  -1.537  -1.281  -1.066
   -0.826  -0.888  -0.951  -0.491   0.620  -1.240  -1.219   1.186
    0.238   1.337   1.749  -0.062   0.943  -0.504   0.822  -1.561
   -0.901   1.909   0.083  -0.091   0.996  -1.045  -0.595  -0.675
    1.470   1.848   0.697   0.419   0.441   0.417  -0.339  -2.447
   -2.313  -1.602  -0.827   2.195  -0.351   0.031   0.159   0.269
    0.121   1.738   1.079   1.556  -1.754   1.339   2.017  -0.089
   -0.243   1.156   2.741  -0.339  -0.164   0.481   1.211   1.588
    1.865   0.085   1.656  -1.256   0.847   2.548   0.742   1.269
    0.924  -1.837  -0.520  -1.529   0.323  -0.949  -0.820   0.303
   -1.461   1.144   1.037   0.186  -0.106  -1.132  -0.882  -1.180
   -2.303  -0.935  -0.405   2.536  -0.030  -0.703  -0.541  -0.083
   -0.580   1.375  -1.126  -0.773   0.968   0.230   2.026   0.653
   -1.234  -0.285  -0.028   0.194  -0.321  -0.916  -1.004   1.596
    2.417  -0.157  -1.256   1.168   0.203  -0.582  -2.041  -0.217
   -0.515   1.173  -0.010  -0.449   1.740  -0.394   1.709   0.242
   -0.067  -0.374   1.334   0.172   0.551  -0.280   1.688   2.095
    1.180   1.171  -1.021  -0.252   0.193  -1.635  -1.399  -0.037
    0.254   0.465   1.451   0.062  -1.444  -1.330   0.071  -0.093
    0.257  -1.937  -1.246  -2.238  -1.298  -1.394   0.553  -0.673
   -2.663  -1.515  -0.063   0.871   0.735  -0.026   0.021   0.124
    0.111   2.813  -0.578   0.223  -0.959   2.004  -3.257  -1.327
    0.976  -1.547  -1.134   0.320  -1.060   2.661   1.731  -0.431
   -0.165   1.334   1.529  -1.152  -2.422   1.654   1.721   0.379
    1.606  -1.723  -0.887  -1.067   1.388  -0.207   0.132  -0.161
    0.004  -0.704  -1.841  -0.354  -0.480   1.331   0.746   1.940
    2.357  -0.551  -2.153   1.475  -0.291   0.073  -0.946  -0.442
    1.645  -0.949   0.122   2.344  -1.207  -1.739  -0.971  -1.626
    0.162  -1.446   0.450  -1.860   1.458   3.921  -0.263   0.868
   -2.237  -1.726  -1.309  -1.074   0.425  -1.073   0.206  -0.404



